pred
176.21554779706938
170.32707793379683
163.7340541948635
166.2123193228052
160.96443218888888
158.80318403509017
156.5109444050538
181.46582736606447
168.37089222012276
161.94807420926531
161.058447455224
154.71605374794038
164.18828986375306
164.2055574884994
161.19831293114493
157.35103870670685
148.26672465655847
152.9882345322561
156.50156516461612
154.37814609720792
152.12423537968888
148.3736847267004
162.81018248873914
159.26416484675042
143.04506047355957
143.07856230654278
147.48487274248055
142.26117290493085
138.83999915555282
142.6769966751806
139.8950534962404
134.73034554347402
148.9005775773661
141.6667811605922
152.23322443574492
136.32703005372372
147.90482769479783
135.32038086044187
136.32571834935635
154.60430466479843
150.55422039426267
138.94382691063234
140.38870135819175
127.16302077450732
139.88977426144768
139.54187017071402
138.7882316002525
140.44711456702558
144.2839240760216
150.34662013330552
142.1073875966517
135.69523470847972
125.55886939377005
146.31573622743582
121.19168948967459
115.1128197006258
140.066515242731
143.41780620887525
126.30071024291482
130.06617592118843
139.5574062505611
118.64841210725793
121.40505235777289
125.12614064118512
132.442430573692
147.33392282093084
114.20241056525155
123.32033254090234
122.91003432494728
130.17467718433448
132.73507712747625
112.46489438781788
122.3831083287011
131.5800821603212
127.7977550439305
128.71781122776943
126.84397062489525
117.57088441326657
115.15967465360909
106.17857996175375
126.7811769910998
133.0892081114862
107.85853343553507
124.82768617356064
129.32552861170444
131.06542890264336
121.53588956025997
107.62428811338313
108.98971646493753
123.9400467800344
111.49607983839654
123.29846764049468
121.55168112855934
135.98665562932777
123.08699344671123
115.94787374833682
117.70488000020583
107.58411353647915
105.59828371761687
120.0252446176847
119.58808573943216
108.47963928187013
104.41883353895032
107.57464283429883
124.48599846514735
100.37850348340446
108.76772100912054
100.80963469696292
106.29926590301913
110.37154458235192
103.97969774126831
118.99323809434524
115.61069856567792
100.53905008506939
90.58230220108086
108.86524204620783
99.08820958097937
106.01729230385466
89.35061326496044
110.84589948752043
97.7780161392859
94.28497973127932
105.63180440453385
83.79237294138852
102.2687516374422
88.8223812142932
85.7244780863611
99.21218528194498
95.20815218247628
85.98465082334351
76.420544092238
98.74370687532812
96.35558667936797
107.03116902886813
105.0614986526004
91.65109733647961
87.42457595262053
108.43549510758778
86.89785273539384
80.01600508553992
85.03940475228445
68.9443154264215
75.25899526286655
84.94429042118101
86.59883055115554
76.08172978315328
98.60614371940044
85.57621558103796
79.30224752704673
78.44937089814528
80.85377707621792
74.3620146654899
101.97519591314433
79.63182669446405
82.69825502274595
93.6290549939391
76.17111098912342
67.63222532749242
81.3068240310513
84.01021646664854
71.51149080313616
81.06663476294639
75.01115477711839
59.66040311720999
64.41351689711689
81.78676503271022
66.34373583755017
55.37530122301043
70.57853130622847
71.27197439888634
67.09461919218826
64.83672593520565
73.79762306711442
71.24733122853809
56.7963859085746
69.26246924928321
59.45294170906174
58.90126792460496
68.0122570911155
58.31446590635647
55.402691931889905
57.59099350099283
71.39331410247557
62.363400194425104
48.27916717713258
61.3758708269359
57.332834683305286
57.41623999861409
45.04598340798824
52.375326811633975
52.70339639021475
45.2962709881414
46.05597788563167
32.099399048723356
44.3364631877157
47.32073440437632
31.75226267666443
44.84114880404221
30.667489516017355
48.326924065832365
38.4270022504297
46.378831505165266
32.41695268273238
44.86599361738883
44.27600940108088
32.01344611375144
29.029694137561332
35.46578768576322
27.474106156343534
35.45123161088567
28.20853439097668
29.70620791607083
25.34964050878837
20.93878434659085
24.352411400415953
12.68458281258365
19.54631558604277
23.848388887395704
23.246660453073833
34.26886369733257
16.07490783263443
18.33521775396609
6.534361177716899
15.966552862695613
13.630884696302447
19.84839703701455
12.515381089969281
3.0243558027540276
16.549046498790393
12.814528376760267
12.108074457264982
7.817860306500706
3.879494166080594
9.865515289176352
-11.35960856240381
0.2687777965430123
-15.357500439638542
-3.9577000263448965
-26.661183798520582
-21.679865315531266
211.9689548316097
214.16566187189915
211.32365520832113
188.8729020373584
193.42101724912604
189.3050454069315
200.3369633272286
186.53696027436314
179.92224900044957
223.2040003745514
177.02781459649498
185.03991660762412
201.3077377640141
190.0941168397708
201.4962142907359
184.1799779090453
198.4190750926646
189.46251522612368
186.48619996268528
181.543625102837
189.21719948199498
184.68959553112543
178.85936622465195
197.77540523308005
176.47685386126872
211.44345691579773
178.02592717538425
188.2174486266149
181.07902205414308
170.57592738171368
174.43461119372665
189.0706810151026
165.47298839082
178.98062821992943
176.1825457366555
177.21267152733986
179.10691009533207
179.3315224225965
176.54295477086131
166.5659267233446
181.48771806942312
174.8355823068376
168.15213114737173
191.3067756663085
178.01263923064388
170.42115823477428
161.1910274586919
161.0227467694813
172.9466251354034
163.73297383461522
171.76577287878712
163.96984265487714
175.09728125773586
181.1697855027773
196.93939362510156
165.01906560517557
166.5469402586831
160.81989078859775
182.5763553893272
159.72071147851236
166.56553425807846
181.17194641455467
145.17442464663822
173.36690955850364
164.3958025001735
154.20980731414164
148.59698816737577
164.08046931010077
138.08604591268508
163.82429965556665
160.13238439966506
165.54664044543568
167.36524218459553
159.04763386148932
147.73791902008676
151.04306762689714
153.74288486086112
153.3967002916946
158.6860938321054
158.87896328721268
162.0840051847753
171.81598371494528
139.792797835772
158.11585566559577
152.54679148015623
156.38439295941473
142.13196878000247
146.0223935632123
173.5292085930754
152.8376555278712
139.2003843985934
152.16566436167253
162.06887232938135
155.06152446640075
158.0975238127785
142.1422705792369
146.6273402217056
144.1165543771777
148.03070377915358
141.81554208894912
151.0388198186054
139.7499716546235
141.6294306269255
145.60795505548367
140.2251299569894
144.54766905357604
148.7195480915519
138.592313447927
141.04471509923252
121.98488894634754
141.60193496985855
133.59146011988477
136.7133733576883
135.45703590495887
139.09218959390546
133.923090243819
130.09263178825935
142.1748735620954
118.23297997853656
122.59982046924627
128.35551815134963
110.53799393086751
129.9666214801301
125.19494367184032
149.73009889925297
125.0662776581949
111.3619153948123
120.0123512505141
117.01708614527493
112.68506620817807
114.21113872985649
109.34179597087314
127.00415170170243
100.74972596231737
127.00520837389062
117.95676791937551
112.41587719116811
115.0644908577226
117.94740146042817
110.11088162804529
102.02717219502334
100.16660669216151
110.49408232390148
103.24736896928448
113.68010036781848
113.50996045671081
116.18484233471462
112.98315473763829
103.69390715018034
90.26979074820174
113.21689667956979
113.59945752717564
109.88153478825272
98.97445371447732
80.89532173445025
90.43173259649728
81.50970654401104
97.13848033318779
91.80181244901681
94.82893504001493
84.92971894871881
100.34683704216812
98.24568154420163
93.57804868461983
78.5719510879453
80.39647707747697
69.45221954729942
74.83702784526808
83.31898017815008
69.03189224594314
71.58213674036142
81.89704983446367
71.23764727347391
68.88695896051146
62.65513235807026
63.19300889336023
52.559913076675514
73.92509428075716
50.57346206205742
60.42725375825348
49.75693031873529
63.086864113793
62.1525746280439
45.479744702702945
58.35761510109456
44.025971350233775
48.65518645206225
39.19881983414688
55.05323017332354
38.120023668251434
39.43223559287985
35.83809905835124
27.35664028833298
19.247297968203448
5.352222066749587
14.009211772436876
9.024419024371047
11.427263659771533
10.87985992762214
10.13086564291642
-5.161816396681349
-3.8573595766639506
-4.796131674957858
5.037559332785707
-14.65836420762245
-12.156151892094416
-9.256658724644911
-17.88400389509556
-23.146751441731645
-34.61458333263469
-24.12460907394123
-27.65003223351632
-32.04530359576461
-47.66730649780821
213.77098079604949
217.31258847946103
207.97707233839873
202.8700615574321
207.345192882854
198.70564893163498
219.54035638371445
193.16970844260263
211.76056370762672
202.46911819893643
202.48935498688735
202.2062373236554
197.41457229680205
201.34293716632166
197.47503698522135
182.65771541727938
193.40081038508
201.370282307703
177.6426365019154
198.77161095076286
194.0605047426832
193.19868080655178
181.79618054663692
179.90561146137554
189.54295929754687
193.52578778767224
187.37749900754358
179.74536578675333
180.1694082138958
185.272814894454
182.6854198072875
176.9317310370266
196.04040995980552
183.57265089508468
191.52280940521976
180.67603938127198
191.5903875278383
171.31896501967762
179.2333544219456
185.47265676913085
175.49157351006045
175.13680386757594
187.97245970188095
187.09860268299997
172.7137226857845
175.93841144271224
170.23444131271626
163.63262398828147
177.78868115344972
203.99254804956576
163.3800302238363
187.81945082976767
187.21313229426022
179.73626220755986
169.33010220819878
170.17003703861525
171.0254087019064
181.15621070177465
183.6765694991966
169.9122550297075
160.16000056897755
164.94530236985338
176.39109654251618
170.7389478936383
169.05731526385736
183.7889318349277
170.6652370776153
166.44139612944872
175.81937650816067
160.32885810089152
165.03660128223282
158.04535589631925
167.07685896865533
167.50482032946738
158.7267981100198
156.39000092769518
168.00202465613924
165.4963467393658
185.84715513408835
176.3257492558481
169.2473877969196
167.26956913422615
168.9843181986722
148.36705150160978
172.52251647003192
160.33566729532606
171.8081347026481
172.15343960531007
160.58914403407883
153.91817190149357
156.21218880058203
154.72254729336413
161.18252725631558
152.34545666171238
147.0852802099024
147.10817629224485
154.08783388782243
153.41361052248956
175.32674602929762
160.89106434376697
147.5365551108772
146.81500396441348
150.55282067178362
155.16190041897426
158.64021571588515
173.33451054806866
156.39049722223774
143.0627782154455
144.60860986358193
151.27068412750748
143.0296432624271
150.8917892630683
146.89928334748518
147.70266855598376
152.56311707471266
166.94017241716872
143.64021674311027
130.7880861433404
133.9058684038944
142.90491808068552
147.66350553029733
145.727203812307
137.63686597256535
132.3909052130127
151.4314403052451
155.07511886298764
135.14330535675805
126.21537085313432
141.75670640383933
158.0744637352308
138.33587691032542
125.9523750939041
139.4029391567951
140.86956764795448
126.61168299961601
127.80136228282878
141.13555722855335
141.67641453684956
138.6162387235358
142.55364309370327
136.01635150590297
133.84170984600055
127.1555059626573
133.52433297543794
139.54780098605264
124.82889185058275
121.7857872987206
119.84291227730864
108.75163753911015
141.72692659899903
133.7152677225636
140.26337010228326
137.39273738206322
126.88374915343556
126.24532167601092
139.78064201892315
136.43462626159928
107.53705056661676
138.09975998117997
120.18734399553307
133.36559809792243
105.24301599442228
142.7069752275667
117.15775261500973
142.0562008597349
110.30657457964512
112.06498941932323
124.8599297934823
130.7173945661524
111.68680585533747
104.25795885733562
114.61723996831596
129.63426116218133
100.70516966084081
123.98484485778144
123.34428676231596
113.07444521333913
116.0136935988349
106.27816229974881
130.93942026652496
134.0515143310271
121.76851982077373
96.64085717570222
102.1052119204052
101.68643357538983
99.32890014987672
110.81612324525462
111.29058297748954
111.32402552355056
103.94511071530873
107.65593760928594
109.10807429600918
98.49006690111239
97.79953264969785
99.69639754660389
93.89981398854951
106.48805377925724
96.75661861718272
86.0701046136143
93.73307519206787
102.31312747584349
110.12458193223486
89.89018845682342
94.53869244865393
98.67313020997165
93.85071883834503
90.31861858595987
85.99526883792971
96.22930979835238
81.96230866934967
87.18070896982003
81.01655380952944
88.21553711255353
76.7700579735017
85.30635169664309
90.9528164758223
83.27924112610359
80.6801572704195
95.8276394404181
91.45410581581955
90.18768685505563
74.04874608508828
91.23134118175642
76.06187947116888
77.51359502460672
92.27729205748017
61.018118354357554
73.39891091924328
87.74817962086868
58.08013122332075
77.42748087212624
71.493019231161
80.79207847455486
74.74492670860447
69.75248930599807
59.435321596848915
59.935459911920056
59.23004456234274
63.99816760334427
56.48353629353793
64.64170020062151
48.74814940007294
65.41737767363333
55.74048981116349
65.82132993148974
69.61338259638921
65.01274694212229
37.65181588540182
56.74032345754982
38.339641243191245
54.00085125825424
48.08736881408686
42.00004117838008
46.08593734396552
51.137881945229836
53.82506490850348
42.13003286164522
56.527578594210524
52.902621483732105
30.979419788790153
40.90160430457826
24.93775592225315
44.60285580017999
37.97401026296996
30.039404891609884
36.2871953300291
21.85179968096605
23.31167899183215
17.017304492584888
26.916282512310207
20.767501731454484
33.523824502964914
23.49433432577084
19.73358274251856
19.067719212808864
31.2522228259003
25.239839085992212
1.6376331795939087
5.32550893528523
18.68096712233097
-6.12197783557757
9.38276355014506
-3.9504494687080696
-4.146945993085679
11.109321558786773
-7.146431043037033
2.933172870227446
-9.003302913484413
2.450200936472964
-12.15794087664329
-21.10360661900285
-6.973244870354018
-13.81008110659621
143.7413478024293
152.9365243100167
152.33177128129398
140.7516796467678
149.94809574707728
148.39048881651263
148.2868347215424
144.48252766427393
140.73407026503236
140.97745855224147
129.5909535133807
128.8570568880321
134.64393148413248
143.0152569089127
144.48881394782308
143.67642804900012
147.6783025244597
138.49625734308816
129.2207728475701
143.67198666056626
136.44891254920847
125.24357920631027
128.19437111737977
128.01403370550457
119.43006484288254
138.27674474820697
135.5944772818441
117.85051998064566
130.6845468839724
136.3543354052355
130.32038883620953
135.5243763711537
117.273958698827
124.45703409298662
125.82372802118395
137.8485601714238
130.20014792463712
130.3841244549526
122.8627303538854
126.01098825000203
125.28751853572642
121.69893229227284
118.93808664607535
119.64280055021449
125.13349654023956
126.96966864072569
118.55414111996646
114.22628086442138
111.51488214362588
128.74566986456713
129.32681822376784
131.5096570436921
112.3528484545821
139.1756370436073
124.13917799645684
118.07900785956646
120.5894247680004
104.49902383508255
115.10183937672538
116.18956333881097
96.22718375927293
110.23632421892209
114.12132907297884
120.02789312077296
111.64930270269366
113.99121961364732
127.22841118972077
108.552846675427
108.12119705578712
111.10793371016437
110.00581434066827
111.29924604378549
116.01561640038994
100.88653794854112
117.41664428114042
105.26694525971665
105.07975610360562
122.11465601496032
117.290234055633
114.15758185600863
99.57012927559197
113.47807543279461
123.46575849882021
93.65988641787656
96.45154707577792
102.1374941691923
113.09509796908971
116.45228725263146
86.90220818980019
108.07751126044849
108.8198747102948
87.87271494851427
107.14925271117683
111.01243373828993
97.56146723452761
97.97462752150103
102.24368539706491
90.79504380827285
111.5698155648351
105.63603952609309
100.44446074279317
95.94706723918806
94.84559448952697
91.47574411573622
97.62867308295337
104.12187166890048
91.67325572224459
99.39195603096735
94.61576092729872
101.32717460848832
73.80457766710467
99.25612049996299
93.90935682490093
90.86767562393884
95.33033567430975
83.93621435524409
103.84260046736478
93.05560710889932
92.61600021411355
97.55078295353718
103.87888103098888
93.44090253139956
83.98074535145906
93.10613170601358
96.20377750834245
79.32121891393936
88.75790511418765
81.11350533932522
81.6090360994592
75.77324769142989
94.82001216423156
87.60001619341583
85.35992784290652
91.36232901442469
75.21597450052093
79.4857512548309
84.36365905279975
89.85296829163285
89.15574317510547
77.8119729816474
79.58233990704457
78.75085521488168
83.61925355770538
78.07973744080547
72.4552039785308
78.62434296381541
79.74665079260326
82.65380652473222
84.83004188110951
85.04730212063289
70.88417248680497
66.3634883537117
74.65986894641587
69.09168264694165
55.13427155029793
65.52050474802735
66.66731789511043
65.2348886708525
65.8929654209189
68.357343914835
75.00526359846101
75.39372204655741
70.43455085830101
75.85395456405682
61.74456093118399
69.12082115191173
57.41082363326697
58.103992701897866
67.26793028081202
76.40820455302168
63.910483303759904
66.5365118249199
73.27158615324105
61.80776576794424
58.94488973356203
50.37046138970878
54.32878598105897
68.83714361537356
59.67804983149278
59.67642055131921
40.900241906461034
43.472306025629585
59.51715679239205
74.77193245473458
52.82509765280545
55.475863527647455
57.95717356244232
48.61784295302325
60.89846760068331
59.14494226459992
55.4398066553229
72.01470342365543
46.30357210958241
63.59482822271909
41.858655926808126
52.911335509453544
57.972809346416554
58.548738521438736
53.11464988891291
52.52678959927444
40.41062322162346
46.6425051949781
58.22985751549733
54.68367926399421
28.547830779566127
37.94703202300465
35.25687836709313
29.70411149672024
35.016584546383896
43.03811249925129
39.586312511204866
34.05430851782653
35.311248343550005
32.0483731902166
40.59544245438909
38.51199622182109
37.38872259944465
51.81300003608911
33.691831596741906
39.69907517893834
36.35738777000385
22.62365966612146
35.396171142295316
34.950597942025595
25.58279062774357
19.76103277059776
21.271130719286123
30.13336212759504
27.12195077934001
23.4701867816303
20.257423795025765
23.03560430622841
38.60598753796866
20.249181902039716
21.148195551687675
12.803491358853355
5.429380280613096
26.115096940264422
24.434916455751406
30.92323785069882
6.95396018380079
16.52138972936724
-1.1681214821927808
12.073605392758987
9.251645839842606
22.71689955528449
7.850248572007019
13.247185938288823
-7.606698996648673
-8.144016869091773
0.3268193451313176
5.447581347828048
-1.8359224043395832
-1.6782685321769562
2.574372152362031
-0.26889229802113196
4.992673629303721
-14.308151914066555
-9.252034258772364
-16.99332341657801
-7.14735171551196
-9.427833465049853
-8.565043899926883
-12.96690372147597
-14.794719488873719
-14.614965565859386
-28.699695035102295
188.65513369840863
184.2536983608332
168.85021054845288
170.03439222870685
182.57037471909103
179.8451065867768
171.53870601698637
161.82728895665943
155.12465828565047
152.73942714114793
155.62119950723144
149.70587460588885
151.0784373070415
158.98658672494193
160.25233942629825
160.41927491903712
155.5539376685429
160.64275887146374
166.17316482311728
159.57050048135392
155.64250085200925
156.87231855347196
144.4549529388198
149.12376190779798
140.8298112316316
160.85068117785696
165.15914675161133
150.11251278122808
149.53406143554716
135.20590803055333
160.40809608551882
152.48037801174965
160.9004345657413
147.6381803018541
140.0465968729372
154.81881563516345
138.06184414058515
157.0630002151919
159.60579382545976
140.90679595704643
142.12850598012437
142.47609951816887
138.00398281325596
147.01372060584634
140.72766378816982
154.91197875622544
150.99683108713782
147.32894043994938
135.97941815318526
143.20064724981515
131.21875084770784
129.66402673817288
149.482860318868
130.01789741665752
128.0733158544556
151.30596911567122
123.69416220910563
144.59168668713923
151.16955483977628
137.36018037901377
139.95531267905028
136.84383755394617
149.90058686897856
134.96783204908903
121.56910919007896
138.91668811531332
142.51324772563672
145.89097934402366
129.44951096785914
126.9600053756371
130.32658566245019
133.60735981827858
129.72416299838758
137.64998792747366
115.05193956867134
115.69827005929668
122.17619247148889
122.3668266060754
127.35866474051241
125.99627794625862
118.64364202227927
133.67377207702333
126.51911432583381
107.4713304187905
120.17936934342906
117.79326103573918
115.34928860163245
120.79561243991812
117.11355453982591
126.9429172174294
122.23288294806683
117.82896822290512
100.75834144484837
121.26674388682014
115.19071387656665
123.26100574029131
113.3852590419535
109.4549778041872
112.42915686133108
119.27642876531888
111.43976558445843
105.52038041461857
100.0527614597066
109.09898248783195
103.0877368996374
117.19684144173925
96.47723537536913
123.22147564683722
108.89329384749996
103.08521017394449
104.04418111554286
84.26734236019401
86.29579120923172
106.51624161532104
98.62786952910167
90.75656132873604
83.23847157589938
94.20986335838113
101.10468510596444
103.92394653048363
87.80463567888454
100.93321225782068
88.29129721819461
86.87276101786256
89.79634868937563
93.63015070632389
86.48782831186588
92.27104972431816
94.06032614030987
79.922488205814
83.43420853127034
97.83725848152794
78.46677945199549
70.33852925741681
91.38223799298287
80.34982422932781
87.07612383668896
76.11025974275115
94.82954384525871
74.96898977673722
71.89863993132039
70.41236051864185
76.59699766283198
79.96803160667305
77.75412534449741
65.58304546672127
72.88484839895081
64.67995364509592
61.26801309264256
68.62795197652348
69.28020908537046
54.032301890700886
59.624437164147025
55.75660311655924
47.574683537056515
76.38318498934974
68.02138189607183
48.64899752487443
63.32161298736336
42.61652560724556
52.29580500253802
37.03637114974768
31.861470772317528
54.96031247422078
46.983667966126944
44.248129005948215
34.87704059829372
33.67753523117269
43.5188128757992
33.04330139402709
44.02596311780628
17.531355797794628
36.85244141239017
31.433470399822493
24.187863201662662
20.334742936193834
21.67048488880838
23.520834989949307
16.11583055370466
19.848275777789713
22.394004752708042
8.389319952064117
19.923181597438717
5.507051286588133
13.900600124736112
2.218753104211202
-11.82543788857525
0.6946452643540527
187.54679140934147
163.3583092076121
165.94472712580088
169.70349888631912
170.48474908443475
145.44137684692504
163.30528322266622
170.68566478202996
172.86526526066137
158.38422286252631
157.4250471269589
166.6256258974166
162.72543681632374
151.38112902353586
149.5429093378692
155.29714478502643
137.96331350473613
147.0310233500984
141.54302417531684
148.25714177016388
162.55816554128472
139.90958769531153
164.6036530109932
148.11283569677596
152.97776436532314
135.71310929960498
150.59906275094153
162.19614364907622
142.08432056848193
158.40849721340246
138.55648682030113
150.72424557154483
151.35054580376143
160.941431846473
151.1138050824244
137.68069938233012
134.5537487383509
153.66922827502452
125.51677977451929
140.86219442505842
147.5568483620495
132.41828641341615
121.76100304330501
144.52710474285107
147.83220513462481
121.59258344618125
129.7614386073243
129.99734365897646
134.74605824834313
149.93392509836306
135.06209766199882
143.93271602187207
127.44029776741445
121.28379704614893
141.46234268306915
129.98143673073747
136.79708450023605
137.63902712597636
137.42134867606586
127.28537314518273
126.6456404463336
138.10602934163632
127.02972526546277
140.37886219537467
139.87754012516294
116.83437483905884
128.6251789275083
129.29346525758254
122.11377723021148
128.2979181005581
108.6414298168379
127.79971443601364
133.17620923926242
116.33939906714713
118.18539679718333
138.20048059252224
127.45642940448732
122.78163622559728
125.28564279366947
115.61425144365637
125.81679210612782
131.59708696475394
119.24328315817225
126.6705594202672
120.0620129342975
132.30343649208888
115.00890211812353
119.55442844253942
127.87987408982579
116.98860775957507
107.11663278244986
111.8170239423748
118.46969077351989
137.18524188919196
123.2804702478924
112.16726928973704
121.15545311542083
113.5705755015983
120.59197814528717
124.3123055669652
116.1891186618059
112.37560555562817
121.19329811504765
117.92106170558316
102.27202504607153
111.70888250414404
115.10015783418434
116.3388964662263
116.3343005123674
106.12278702077775
102.87491477554354
105.84596363989428
111.38683278736804
107.68998466632485
111.77575035406284
112.33053218058389
89.51034916591664
101.96304620556042
102.28948871667046
106.59518881835392
85.11798390595055
112.71499709279287
108.233617914063
105.54349449227512
97.94652110942734
101.40386353869334
94.08293585936526
121.95519378248677
101.08687465030884
101.28929165889865
117.4064230471144
111.60776868591445
99.88743680883893
94.68468808235023
101.34752344604287
104.03584582990167
105.1127572513202
75.69865922247676
93.59249072865883
107.70230743656337
94.51074591608196
94.32461757382356
85.52919904949064
92.33747149244185
83.6894721482043
84.32991802494826
99.32232538436662
90.49818586547659
94.72934718893903
89.4738841526267
90.82051108617173
90.27626800954728
81.0060338234689
95.53866515823644
94.5810297990978
96.5308107163513
78.59956291370105
102.97517807868864
80.01955627116584
85.32439674669928
97.89039763006781
90.28510936640967
96.27641471323842
79.01623245380567
80.04263139701644
89.39070137574421
83.05992746713044
69.69670464140722
67.37458631031582
80.98499909332276
84.64760149955576
63.70730939802716
82.42376581504477
82.08564735518416
82.82129461287255
76.99390595599132
64.24060069193429
69.65746932861553
72.55014586802419
78.70464843928589
66.27716200122988
72.01079597484598
66.644236883038
70.18961234117162
66.15199108820583
74.69158796412964
73.38004109933499
60.674120071358004
51.38697733101783
72.457304152491
61.173533685456675
55.90356402965089
66.84752737534816
62.40914550099274
75.18117401487288
54.35425265766685
58.13410839467689
55.1423382609532
57.9733188598143
60.019002819733764
69.75556181619929
54.400934866010296
60.768026530483695
46.637445570316125
45.434322469139346
49.15007112503762
56.20527642435481
57.539079148756514
56.12843357693077
52.951462799473035
34.90241269727795
53.80008180326621
54.786349348351145
40.349903106221184
33.02219037749537
51.45831575575112
46.226331972188774
54.0503574177842
54.82768085961897
38.35932007159581
52.652457222368376
31.074338748128913
30.899267830256665
39.11041717972032
55.8746417823008
40.384314602771276
33.31110761148251
37.20365794426433
35.587917911358815
36.67102013049107
45.39575490888864
36.22903753144267
28.14472155813584
34.60983333042609
26.495381725730454
20.22598916422549
24.004965051072546
11.456437346163789
31.55328522924276
24.368285083687397
34.47144072530797
12.130347856033286
26.31470239746587
29.152811555005893
14.92438677671809
11.72444502978263
11.29774019493622
10.212389915823511
7.249951971816472
15.901243711803364
14.339442552221383
20.72886333414707
15.283456745972387
9.037225416875586
13.621175908960716
10.827544270140905
-0.41497694135250507
7.536226644160338
0.14196530998212772
7.805049649614286
-7.951343830984961
3.2653941740928194
-7.443043848511607
-13.290965958510753
4.204339178974794
-32.40783764089908
-7.083325601973151
-16.315307822630444
-12.27716324131856
-2.0335102419032904
-5.512378204444742
-21.45072569259075
-11.810954726655465
-14.27946894593745
-12.53754531125988
-3.0218334571011733
-21.45295149300371
-16.70187944718683
179.66678765461603
166.81591399858598
171.4405237155101
165.58004706967313
170.4528235810179
169.07970892323493
161.14016778222543
156.95113326563066
158.57840909594705
173.54342296974747
162.53614960299836
155.20815451907717
151.55293344748466
173.68655061500004
144.98234972659913
140.56969240356656
135.95997328338834
151.37462367485725
130.92322949580011
132.4014050979756
144.11813476713414
149.30462722502497
156.1043793200497
136.51568228691923
140.99101962548
159.31807953932116
138.68268558445962
145.93682646653846
140.34869113315736
147.5084798396232
128.06821169562045
153.69760229392165
149.69625454163761
138.33400689730453
151.15904176057057
142.74147414428663
147.40437946325528
149.10492641435388
134.52713484814188
139.5188197870611
142.7905529784952
123.36609498958177
117.89454980509879
134.75490000247646
147.17087631852368
143.9770949119072
134.97247549411148
128.62103403355516
127.41850785726844
136.0593870137979
126.35610085238507
119.76533175383618
134.18660756809092
126.1153531153267
135.28418086587988
124.3939153281132
118.94199226535095
122.6301481933462
112.22282213679713
119.41381268813551
116.94793291087537
116.01405126200801
118.89192694800815
112.14875400714052
120.1747373792718
117.5026599877906
116.26802685003402
112.81843591998047
120.15210149692851
122.21817554752613
107.02815163033914
117.86678681957851
109.70020919695855
126.10089348303202
124.549753632243
111.45739163446659
118.52479321096102
115.33611442454668
106.24195801392062
111.66711344438235
118.0044490125601
116.40112489650707
105.17464444258495
120.49847341798501
96.14037975587058
108.14554480406099
101.51493112394417
99.305986276537
106.29557639346619
114.65171521874805
106.94588424901644
97.51007858628108
107.6731146147892
91.82378890741786
109.6848445599324
98.49026439024081
105.95996345913449
105.09258716567976
111.8609394892146
101.31432556493714
90.58872092791506
108.70049237851121
94.09602130402786
93.67665793877443
93.61727433835208
92.60556390929776
106.00543720539758
92.64691171003773
83.23122886043052
97.19837058525735
87.6695609395091
99.09974032485299
74.43138713859675
86.67027393754809
88.8960273529445
78.45308727406405
91.83747693908289
89.47897946090855
82.51408479707628
86.59436961941961
78.96675537928907
82.31598114975432
87.73175290271595
87.86756876725956
79.47678437181608
84.14121493023221
79.17385156919532
64.30743714147668
69.95423633630776
76.5364257884471
65.14138359886341
67.02069758714063
57.69609778935509
63.03013105071778
67.26624366669519
67.99995031309015
76.68426853030661
68.9364367252003
74.40234601223344
81.23621210161421
64.99984244946037
68.11033699883086
72.1184673051527
54.712037707632874
57.50748794076235
56.254609057284135
50.55709306131562
53.73975263286588
52.655776683076425
54.41889176712954
52.486913629621256
45.17315084055217
50.972715388500085
46.80596829896578
45.353728060825105
45.90942373998099
39.44956357516354
36.13087791081395
35.70333236986255
37.715472071421274
35.78194528177058
41.369359443121965
29.00561977903141
36.795903347078585
27.108245725526768
46.94573528479433
10.125682585636365
32.88969068399937
37.41302972988657
13.47570579714621
15.593377070306042
8.497046931496746
25.368356500779395
8.690078472786563
-3.7596097987684773
9.137540354284267
-1.180901827376293
11.32702083049058
189.58901023451375
195.10020978832364
169.19661116107864
180.58726783560823
175.29052129030887
170.38078204670066
185.81712758974786
182.07265283002565
170.5105596934737
161.61883212061687
170.8139828176384
161.37990471896538
177.0464582516778
162.57455303595657
153.0260995910494
176.86365660592136
165.33468015101872
166.8374440355192
157.9026875161841
174.36287084238583
152.3936394841771
167.9157157202681
172.37045482155924
169.8130547854486
163.43026686656555
158.99992822477202
159.690562486178
160.5020493152294
141.29684468587106
143.461303550975
169.2819065628858
163.46150635349505
146.79889096963444
158.59883458611827
160.71344249895594
151.83798220493063
147.17218304702376
149.30573791734395
151.67037828882826
146.25607867254425
148.51052400947998
149.89204028590046
153.40144729886154
140.45044898754526
138.93939019339118
134.75543985072534
145.74548523591596
146.767174682199
142.7349381710913
136.78196470469777
150.96946130187538
132.2515980250361
142.83032920825832
149.51951007348882
134.82141803696356
138.48944769043823
137.50663149544556
135.2799177510248
145.82828201944434
139.45442788793454
147.65480194686592
143.39522542430782
140.18550247272984
148.4609051588096
152.78100541137812
132.1509422607867
144.04831275806458
128.08461342961743
142.34290205665758
127.73947707696539
128.2517444877803
128.92906054851045
126.06414578738004
139.09832210349546
143.49162612933677
114.48107396009007
141.41194983512045
139.8253403630628
130.95359738877426
145.01786940358798
130.56019821740313
135.90974156905818
119.91860714209493
140.00321229290205
123.75510599348499
124.75015810429082
119.65114704558569
127.7697946085178
122.01071176343704
120.6610177658635
130.8633678113175
123.55582745916423
127.39426783650758
119.51392383070255
116.86773717518064
118.28953487522558
119.67392073848033
108.99606501821354
136.49593168902192
120.96247175333583
109.72647364015259
119.37273964899788
122.6738876079294
118.76276898313952
108.75564011947506
104.72748021685874
124.71954448010791
103.88192693300893
108.94767428522862
100.23979900040321
113.85933487496582
105.87573327010509
108.95948048995764
96.4923448622156
122.39805309928194
104.60484322253843
91.49252585669366
107.76915934954762
116.25740487512984
109.13488141857842
94.15991624090498
100.79790211238053
97.05336137263343
98.23480605875838
107.86303909385707
117.61939719268605
92.74500638018613
104.24777824029216
91.29092403333435
103.64704892420704
94.37491899481988
107.40397932840062
90.46538861424095
99.83715784272374
93.26099514734977
94.45145425858287
90.28407221162274
83.0343670502807
86.43635093627023
79.58559819048051
75.38381991567647
80.97713187854532
89.70836037125164
95.2335571684642
97.2485875489623
82.77654009699518
74.21967457918599
85.81727635121344
83.08052193895341
69.48286829314901
67.86411636700781
80.0687273191653
75.12220362359753
94.89357980209009
77.14789824266155
74.19961266878826
64.69918253408595
61.96677982097573
81.19495787458177
78.73706276250773
69.36141709887019
70.75943480688498
52.39022358021955
69.15631398203892
69.62011025608506
55.50528228318766
59.964491181103604
57.931015222560646
59.648842311220655
52.25061635886401
48.64846144972059
52.35922382912585
57.54355450216713
35.942438502237486
45.95071644972227
41.12004322249434
50.286693657816386
34.34368397966787
42.541644381768926
47.49852555639134
37.76861489337057
27.155170515181577
51.03790092689448
21.751580663510353
54.56776965700541
29.490913127909415
28.5779144631514
30.540687431471508
27.66011134082393
25.484272632307604
18.38610023868489
11.990789939225941
24.2025835292196
20.587757651007152
7.229096903813505
8.536244480109625
11.042173317256054
17.04122940091965
6.403694037586638
-7.5612249475198565
-2.9564010791981756
5.752234517136025
-12.478217434951594
-11.225987390290527
-9.219445613418586
-9.047635285859268
-7.973563622363763
-9.364149446449773
-25.61487921638814
-21.37265905356184
-17.733099456627095
-27.86946574665116
-35.386804877833704
209.4408421300982
202.9865130557707
209.30625321310615
202.96102943207254
173.74456780188288
188.85398544290365
199.22618597226872
187.40839476728937
196.33646581083244
179.55125276214707
180.37328105065808
191.34156946115638
183.9295650998726
181.84936102401235
189.47855965694816
182.76129698748568
189.07567741713964
167.6573213289288
179.4002915565706
172.8829010885649
183.87565988685998
181.41902614294494
181.28919041488368
169.8790994551555
167.35853398793572
178.02361290180315
167.8644867085538
182.2841236042319
170.86241412185316
183.76484372957523
171.05138155958844
166.80750127553603
166.73639068055445
183.40818572391555
168.58409996239723
160.78625642009595
140.3652950347493
177.66237613985234
160.99343353124658
176.18278940523606
169.85736552307822
149.12488115730463
163.7905540488099
164.32855892461535
178.07064361230638
170.5310910581354
182.61679173983615
162.81084690641694
164.89293366425292
164.9753088714468
162.0138283592033
165.32138390085615
161.8728339356307
141.40734056988273
153.9116823949182
172.1133601234894
142.00809412184995
173.85414340062056
152.07604051643546
152.51528463020327
139.43144007300364
162.7713087716216
153.25559408024955
161.20596735119028
150.01486776830106
141.63811536495118
141.89714950327485
149.83374810853354
146.38376920427424
153.0822420781184
157.3005637787301
145.92517025004724
161.89930218253465
142.50700753375838
152.35601486543297
146.50417317604055
151.9784107956532
146.82949917447604
146.4388563787162
137.40487264022292
159.8059260514062
153.2574447773392
127.57930202516926
144.68842827333899
146.02406657776805
127.46238240849199
149.00758190854566
133.69270436223073
149.55366083556427
122.16530513534178
146.12666879343257
130.08378608345856
135.61045188718953
139.22358906271143
146.20170846986167
132.38739847617344
128.80636737429953
125.8138629648991
134.10688100812462
130.82818895094564
126.62469077646489
147.64119737408782
123.42962765648349
126.95443290116577
124.12800048254095
123.98152937988507
143.9717175867149
137.6277794292383
133.3912378713918
120.77431188196553
124.8893689000722
110.74928231462675
132.0763559675285
130.0795485411638
131.6773488624702
118.83047853732471
122.3428291229396
111.8652633763517
118.91751608089342
126.000890638974
133.52071204725874
128.15673593792545
119.86696278995781
117.68127073608221
124.85481319116744
109.73785533806607
125.56629906115909
124.48712063860889
100.25104848642496
121.18254864485156
106.62314949659644
118.60626024408714
128.8450540097215
102.46761399986522
118.99941273882042
96.33991738359401
132.98205472446833
113.07600121713597
92.30198960222071
103.68957829700074
101.28431989935753
108.97385898443707
97.2556007966092
105.448143753083
97.48603778033488
107.56178591193
103.02183286641564
107.47511529856895
92.24166584145472
104.7074680039529
90.60261472444736
85.39769808928249
94.3787436805174
69.73418517850634
77.48137238726049
86.69477114484415
88.3485436498481
95.01959083842836
84.04971597513591
83.95135031568525
91.7424759557951
65.4606196700417
87.37356701069021
81.54172850280055
78.64921029101386
94.4533528017449
74.66432984711253
79.50300752552295
71.84464062947316
75.8736369018209
77.18985854660569
61.19311271296538
56.39165462404626
76.37008283111967
60.338041272614284
62.63260732373624
61.7354610773576
54.10779007762211
59.78366045114594
70.43720368102059
57.02454051377996
55.79156957202895
48.473759787047996
46.19528807486257
42.605675411478764
48.004030475165315
40.28947587151854
52.77597417600343
49.95240675945972
38.04902814323692
35.125341380193674
51.42580248756455
51.12977424761857
29.65170775503706
29.741825122268942
12.147742107524149
38.22786931222176
29.18464907660804
19.292150952801556
22.06567850766848
25.08311425273208
5.566764811713369
7.37700150982489
12.743323512234069
13.50060359972654
4.924130580941299
0.16101337159332935
5.74282622174093
6.2888028610117255
-2.595942844156918
0.8453741481167876
-16.503585426373004
-18.935938324612255
-0.28605186234088703
-25.366801644415304
-9.314324942083422
-22.568149323174097
203.20282254682354
203.85887742253212
203.13239213804908
191.70489761960877
204.64722504804251
186.51469266206527
162.50545327634418
186.80679289034396
210.10507530676824
182.04725585525208
189.23400899794916
193.518738660468
170.3524205738183
183.47427429420347
204.40430864243936
194.573156232864
190.85030547421746
169.34312227568861
173.1046444610882
188.11790039642224
185.11671870725945
171.80739669118037
182.6109615285311
185.36882246716345
181.2816169871934
170.6720368314419
205.82528575404433
186.73217487147687
177.54830075328476
169.54314756386148
177.31963001922898
178.28497190877675
175.4243435542002
186.40291671885203
172.51998658170677
170.63792472672594
168.82230822321748
160.6979747676844
163.14928266768433
169.30079572267076
158.76467461378266
162.79090519935275
177.86670662925232
156.1077755737497
157.65936518797156
161.29629651268948
159.51752489284885
166.16670067088228
165.7373206933564
166.74878352927027
156.3281179193465
150.3607253280197
169.2580098137325
172.05486029543047
161.65833773083708
166.80746337306462
145.8666321861315
156.3967448224443
150.72964873392635
144.26890345870652
147.74200881005342
147.26003716207413
147.60756222701266
142.28354636687186
154.91590127559292
132.977353960382
143.75527022679876
147.46145829793747
158.79272259031234
144.0141961086327
140.47940477247982
145.21703207961534
137.8151502985977
136.36731938780866
151.9275579157936
142.78970197940515
136.40201046726312
147.58806657472044
144.7941201257267
134.07398467769426
134.99084545387342
134.14252866283087
123.31001994518402
122.90202107236956
131.13759530963188
115.63531326252802
138.37165690737058
124.01395533914643
132.85923470739377
138.4649366423771
132.91075629893473
113.39725392354346
119.98221875007496
120.70948978932284
111.15840429527225
112.49819848817927
128.1991800739091
130.31244302461062
139.27799540637844
125.7156590612775
107.46817186454857
116.19530863195766
115.86258985695692
113.59606790257438
106.28246036223081
101.67553067528205
109.66367960617097
112.26064446974671
120.65825997317214
95.29723135155524
116.57249206635302
91.22583979246906
113.65809260962732
93.02864314935289
108.208063463307
85.24321362659046
111.29986264084505
106.2211284803518
96.3219127131164
99.63677010620236
106.17442184935955
98.7670984937281
84.13053771189408
80.86656791129852
80.09421904578149
86.91385886973758
97.7072370053249
71.25232930547985
77.07990599139653
70.16551479758033
81.32051126910692
66.42300941679369
64.195429904011
54.06743121235535
65.66019156238596
58.005509848309615
67.57163967059651
56.76084175341883
42.08402737583785
60.64817592607677
49.1512309282131
43.22290989842352
45.012362954648786
58.48984733775572
45.1808192918435
50.57223439749794
38.931393154410095
46.49599057711019
28.336088671096164
26.34840213937947
26.753002573197367
26.01766495419379
9.115808382027076
2.968694318522257
158.4940976296717
138.31019060316424
155.21993309207298
152.39506587264867
157.09041930196736
130.54421821390665
130.7472202770667
124.50079559841058
134.46737303437956
140.33712963882644
120.60822334549701
138.26207481311684
139.30189786950163
134.54044451767763
136.67433185712704
127.53876759630879
125.65775074166233
131.35595052636094
128.06937775065288
124.04177668817381
124.8170461193099
126.16928605748667
126.49669159075891
115.6905812468914
125.65485021215781
117.13938736721644
118.92680634456194
132.70490486067047
116.25092781517544
127.54497145638123
117.86132140701119
113.54846964569262
109.8389902274019
116.15165462175383
109.83424807950875
131.71143641785883
108.81914442117221
123.66545691426643
113.01916499748549
111.54514467921366
113.59498848381439
115.39711982434348
110.43721588056879
106.28502246789705
106.69831095074487
112.72535536423675
102.95597697457129
114.00597056663564
107.39093907831992
104.23161966080316
111.92797948995742
99.65961214590986
91.6492462643797
98.43247033914517
100.50222349575499
94.30933561376563
105.31588212260436
92.76715657118763
88.91079232959713
94.08072306494952
103.49318607019889
109.72240529144914
111.11909546128206
97.86621046801386
97.4604297229563
100.67395162630407
88.20679399338393
93.54079928881917
87.06768587959047
90.79482880811392
85.48758371923671
102.3736355584569
93.62274035476798
94.51885601689511
74.14125058809877
87.00316605122863
94.50987294243012
76.23691306017601
84.35309111868818
82.49118123754735
92.45225895078813
88.06386842368524
84.4783331382114
76.3722074332653
76.90679030146293
84.04270367188136
85.53940596025545
73.99520980294305
83.77547970074536
91.73616612292425
85.71746571482
67.21500191199486
65.72145451013196
64.4999911413625
66.64353562914737
73.91097412847778
74.52669756155687
78.49903551834552
57.451834659244575
61.58324041076824
63.49134209653916
63.93740667695542
78.18629900335594
57.52300047520858
67.61716332995049
63.71969169188288
68.83542884594173
63.87028504862824
60.65917664837764
67.3986329507966
47.301357295353355
53.21031834014707
46.424838264086766
50.14929755124926
56.44127463653102
43.366097081916415
56.1615917684322
45.486309166403196
37.40329401137645
48.63732699354668
35.67404504033673
43.303198023964754
37.280499070296415
28.340903500290388
42.73273061220102
29.478355166227885
25.255084739257086
11.986216138921286
30.295841813972835
23.73752343478604
32.49884363081219
9.57656913317751
-1.3898097702573347
3.7149080446374363
-0.7886744656142173
179.44204596164815
172.1687450871751
184.63085137466078
177.07171573612234
179.15721607155322
178.2485930116169
163.80371044449808
186.65211601480328
183.51909576606567
187.5325325040789
171.73582698225863
168.6310117848418
162.86897834861102
180.88878639984716
176.12295323607387
167.01388798406626
170.68903672612498
164.8405418670767
181.605183569933
179.48831735045738
160.03320127968246
155.53561745120507
153.57951885113195
174.45291123332674
163.2489483142172
173.9436248738858
156.2833102425135
158.28034555175597
181.67451971980623
170.10489489136745
153.7120752202773
155.18186697731545
155.9759503504631
160.89091269560134
151.5810110596101
163.00002627065078
151.40123320634058
152.28255236409655
154.00981056056312
155.41981200359226
157.85587941773392
153.48107843645397
154.19306733401666
156.9800575364995
166.9972646189845
149.42211545028445
149.77283019292688
143.54972756695597
150.6063278870518
163.05395536035383
137.12474636565528
137.12838973774737
125.53010066068235
153.8151995162447
146.11371733942073
151.4132183720355
146.18652396482977
150.72650638460118
124.39979380175113
135.4560323839448
143.8507792776894
145.83077764653294
143.17231971410325
134.93579874310504
145.60463071783295
140.11608238593217
161.8185828140147
147.3073563325812
151.63254641137974
145.2118164731257
139.2498321771528
141.5934964226322
141.59924529272817
142.01421526324927
151.68666832236556
142.52179881841607
139.8431585675936
148.8344664708155
129.2528319622395
134.88557728697572
155.12106235006289
146.32933264201077
129.92232926065293
140.49631620514322
129.54225854102276
137.10740281294443
137.84844346301418
125.14705007211897
134.2707922362486
133.81966574993578
125.8942838572476
125.42536482126332
135.65554513754427
134.56106327004233
141.0018092775184
119.97410706565675
136.13870003821026
125.90526027055452
131.24206691044333
131.5239224871402
120.25599447954023
124.82655658676535
117.15074153578992
141.48429955668303
108.29545659406034
132.83119396085885
117.76666308779126
126.13048562734495
130.93278811579916
138.39838871205032
121.3732017160894
122.64498056477093
124.47033321263183
126.63231566518517
127.86746008987514
126.01209251457462
116.92707607316697
110.4142516071132
130.28469956880977
129.7818567449759
104.96387615576464
130.9316977233288
109.70529442870289
122.37133007406875
117.15022095073842
131.04612033081926
122.991092247616
113.55062001776179
117.80433792147662
116.43650877039417
102.73949465819425
128.45282823727575
113.21909090893753
109.47101777589134
111.7111686868025
111.00536053559497
111.17384535806832
134.5116395677925
106.62174306369035
108.41284061349153
120.99367486459062
116.2242699630045
109.77572040547264
109.38163901569102
104.81957299210713
115.32112359129921
101.38221066001539
103.75062767043637
96.19479357694098
115.43304033888974
102.54440821872849
111.17321909370955
117.70764095256976
100.15561950911234
107.51906744626545
111.54615718267732
114.94888189807035
129.52637684019427
98.6564911308434
101.67662800786877
108.08251920775672
105.2196813586576
97.57595214532097
99.2942048123436
100.28710856283443
104.76243473298244
91.08950845226514
102.23425984722972
102.23672970425037
101.54939851064468
104.88974165472462
99.51961987618218
94.49977468127634
108.52193712550255
111.59838632075474
103.25708338811923
99.41067439627885
102.41617208744051
111.87649432915237
107.34469004721036
87.7674528367239
108.98076912025337
83.93563773205747
82.13024570972388
94.56753738353403
90.13437075403233
108.03570573443128
101.77753930100128
80.17946360335685
82.81376482383409
92.93457679746378
113.47985105313742
76.65049770480782
94.3157728893345
87.45203876480781
83.88858311312728
82.58142469645135
88.29531308188561
89.13003793390867
98.39694390473063
87.85128006500048
95.02337624471637
88.93280027778789
90.03194540472478
72.45881132549307
70.95963444198371
84.62852386706638
81.75555435587958
88.24436655487705
90.14557416611672
92.62327736251332
85.40424960300646
80.66409741856067
74.10397059404522
86.0828132151077
76.30173091313816
69.37535755055117
79.06907570592891
71.54299852490232
75.99470925793261
69.68490461999806
76.43361820057268
73.04659978077055
76.52934536413184
72.61197568694705
62.52554942649138
68.23473083910008
61.32529722459157
64.3834303851847
68.1395292165342
74.32797893915651
72.82957118726762
54.83913505729525
75.16199189625705
75.38998155532019
65.28406264477661
64.53692532275412
61.64124266555706
62.8105827044599
73.9092794224001
63.80149416831996
54.7323171377418
59.36488659132561
58.34210314073468
54.89673161743162
46.04071948878592
44.93832409742776
66.61374881555807
57.2138026217812
45.676865065891896
55.53812192790764
62.09865917061027
59.48377761991432
45.96536839665094
47.73081337160127
51.074747377011
57.34267499866573
51.56157947655489
47.30798633825677
42.66202870065234
43.881563856416065
49.23438926955755
47.3875512759781
56.64135591078575
38.36460421820581
39.62447533813213
46.27329603160874
41.82989855185674
34.19133982909108
27.42015757273971
39.79866072192867
38.30280705453227
44.940298267539596
31.662268717861497
28.745737996680273
31.450746262833718
18.494641965827523
26.05668806010258
27.380836753087202
32.857778665174344
40.091613555443445
44.44836135246536
23.341067300933574
24.86624315504781
27.029909045894215
27.313477889060263
16.579249779987872
2.8940690068515322
18.543871867355307
6.3426135496637075
18.59639219549392
21.87445800584821
24.736070315781173
20.459496415733707
8.417798129233173
11.237881640839156
18.818807759792424
13.110280500264217
4.752346366261236
16.20501670487774
11.15429235057731
0.38146849767118507
7.068756024249993
12.096549192267572
13.143071302295324
4.853588520530887
-11.870353739636295
7.407412197684447
-6.7445400218910905
-0.019159037239402387
-1.0452168451654793
-3.527615445011608
-3.019278434192324
0.9773380671402414
10.71960137158797
-16.50496108266871
3.7821086383039972
-16.2294988204483
-20.84350306013429
-20.870341112015755
-27.85954895084576
-16.311188293827488
-13.708017669502619
-21.27825390400989
-13.673932029285393
-16.77774053331811
-13.32268416026504
-25.344724287366972
-24.653626633138366
-17.533328722532318
-30.913338447721323
-41.065318100787835
-20.76283721884449
-34.25795883199557
-46.59333711109273
-39.064292942633166
-36.708515691315434
-50.27331980437311
-53.49698934421024
-60.9846971186249
-54.64486835141173
201.61575793246683
190.61341913392081
186.94559903859854
201.670728464869
184.15133636778629
176.47337090730474
193.28311197504064
186.37643359050762
186.14847953383148
181.7891148392422
169.15672267518
187.52216847121738
188.17313932833852
168.47832280021842
184.2622285512973
168.21304694586752
171.1183449100112
170.06286074612586
174.1934770565752
168.24221891335688
173.91650670963253
159.93978115395618
171.25863685306302
177.9310452184495
162.06179807554292
182.56052560409393
169.0173045204615
159.32165253393472
170.67842082433108
161.12601119015685
181.33507559013884
169.3262317459604
176.46138634797725
167.73778561877032
161.06758367494865
154.42271022558234
168.4798577387395
151.79224420184212
156.61346449047687
147.37480269718617
169.60153193735025
161.80579370407008
151.86852250725218
153.22788875525825
155.2358747809898
149.27447476135413
149.6497182457476
158.57680466411242
161.57426646626803
140.7714828402462
142.80922384394006
157.8533056245079
146.24158034147172
148.52009532507788
148.54152898510893
166.7462217276282
149.45162661381482
150.73725786451112
147.6110444838652
147.8221672151241
138.5024246983369
141.17815727835858
151.6300632274338
147.25392561888853
161.7735600907339
130.84954919868676
132.01927673916302
145.19136846091172
140.94977469154077
124.5425178480589
135.80880322086978
139.69809278575417
132.21458622095943
131.62269287995147
120.44362966974586
137.88230533523952
129.10242311417747
137.80520554741608
127.94635856776418
135.6109026798674
129.48588721470784
122.5439169559255
119.65735360620617
124.48297387729735
123.6329069619637
120.55552197723924
107.22379483910315
117.72867680228342
132.78341784768006
122.76077767948487
122.57241312104448
128.21845701719442
112.53718667578595
110.73141233189085
120.5343779908329
114.77861493463506
132.65624237261176
117.06849594468555
129.60822252623765
108.63780749606205
107.9789674087028
99.4090943725664
104.41069529286065
111.66920723226062
96.38223164665955
100.43651201364231
96.75288258274408
97.08936993346234
96.99598953736383
83.92668543809876
94.87739709294806
90.05478265029272
101.92487074241266
74.35897411582413
89.82462934236763
98.7764115717124
85.6279192827235
73.91391024606845
78.68038750607755
95.55863922815041
87.53780126827712
80.04132909882033
73.34766802777021
82.58922948479143
57.98881153460009
68.69056260870887
78.81420949800845
67.51439243378034
72.37417749315529
70.65737974614558
62.03257899710534
62.406982318445166
53.857389300538976
68.14151152720626
59.71051899506207
65.68216635640859
48.78610722500625
47.66573436676246
57.571133113087434
41.02015291007238
45.20302679058974
29.374497109435303
42.882108439261145
43.08530710634642
21.057624691931736
30.126105331260938
29.779269597261823
19.75228584520261
14.913887136252528
20.699565473718216
4.438067036840753
10.827883373239704
17.023336586030105
-6.367869517109177
-4.831179911836538
166.59287558714107
169.87919042067276
147.47068704378938
153.81649028424764
146.0730500547914
153.1130785968682
144.04332281065595
140.06680076360277
146.3879476820338
166.71167200574595
134.07083158023153
143.67923267967103
147.6414465425947
136.9565394834138
139.3809437296775
133.8480514370787
147.1186133516131
131.56414452018473
126.42148318331856
138.19657430444295
141.76724083480502
140.5057133806421
156.14454275479937
148.3711497370081
148.2141136727084
135.45105505732067
132.898755850482
146.25358301657087
129.7871122928778
130.3566502344182
126.35308963240999
135.08728621352873
128.77996898804594
118.48125777023859
128.40718326308618
118.43385197926467
126.63289313763802
143.29663601196927
125.2978110139242
126.82889840801379
124.70516088784211
107.18222530158117
134.68870505446054
127.64954222444261
127.76446562803783
120.66989744873086
123.55041369991851
137.60107099167084
115.39794486472725
124.30083583786048
124.89325937106906
117.43030950559988
122.25164054849195
115.09515795467915
141.44551532030923
109.19922110996539
103.53085917591712
141.4333631685983
115.83674864534775
125.21269366542528
127.65436023470238
121.69540343334273
114.52905955949514
101.93308008115993
99.50722625387323
101.47983436821933
117.50189874540574
123.16407826123798
132.68599654763395
98.61083724682942
125.44387153379125
115.94056155101376
120.90198921513175
109.56114566340675
104.46077226990161
118.79697837342384
118.48320470184373
116.95915847688669
103.43940311120164
113.32174284274001
107.91601102986223
123.09291083379162
109.32254949836195
104.54573216899128
100.1023179209997
94.8320154149391
107.17765358557922
116.60066775853062
106.63189990964499
122.59422863834479
76.60179935075143
104.94996056498265
100.08614784532216
116.46272793778817
112.20834810579332
104.35095103211876
95.71086291590674
94.52983134573232
98.99933589401942
112.14254074728201
84.5419013126004
98.1366623360586
98.83559471101687
95.76984257924818
82.84745072450825
85.36171795120192
113.76910129921417
100.39066511229252
85.78198875788803
103.98493321351293
100.58479913214131
93.01389229628062
93.93879264423651
94.68419242591605
99.52234895689983
92.36915956049404
97.11590547891672
99.73989753441387
107.99770156597896
99.53997368488957
91.01623591798962
93.52585008458871
88.26660484047679
88.42515505158916
102.6698262217997
93.04316235684773
89.30408886342927
89.08108129717466
87.86670621497828
102.11365933323954
90.8644429184118
83.87253600669447
80.60204557224664
99.43621097296723
85.32809336319033
83.5220430157775
80.3571622636963
83.35054567853525
77.35944075275472
83.98730488491282
83.60137342947675
82.065039129153
104.76751498351193
75.71584380325824
76.55289969147212
82.5804199721345
89.5752392481148
93.58780973729925
77.88018034192774
97.27869095819213
77.45922990588474
70.3395268466609
75.89707566064287
71.6979902748576
71.52825054284584
75.2750256789873
72.25989619779075
76.58189376261913
60.54498783104791
77.07922154048005
75.82449767358189
68.56955634427491
69.59882441932716
70.11390060740445
77.83453912732995
62.560095145928095
76.42580871126883
72.07165564191203
67.66581612454586
71.1774530513434
55.3507920148498
83.41052778274516
60.77366215526637
65.45182265787707
61.71904986938071
70.2781110820822
73.5934585107893
66.78343217531224
66.22389317187412
68.13238166009641
54.13267877967026
70.3295836601259
57.0214691619427
62.63998472987161
63.12955782651853
58.16775160596128
56.38746216558961
46.29421236512068
40.992253914799846
50.593237323908845
47.64278051468215
59.39924636623276
56.46036476479629
44.3514169629445
45.527288845572905
49.00078016889421
49.40862754774734
56.73648129509023
44.4055007722378
47.60286413203651
44.35225034421437
37.834919997331816
29.8512398282196
48.30433547463893
42.64763150322511
35.7403552658128
32.04096266173292
29.482293676777065
53.11142578242925
29.656495582059836
30.96567970349416
26.602819033378303
24.005661013833777
26.306502454354305
34.623487100562954
35.02105080492264
20.52606667424005
40.2434871337663
14.491427034610364
22.088103568830082
27.772892082668594
19.646976740603247
9.721672093106257
16.629249144992933
14.336791136098011
29.985789966368877
7.459413721047392
11.454792980777132
4.941218459810848
28.346713899758072
12.421216507192256
11.964909231155396
8.399981408070909
7.503708134695843
4.013189310520522
-5.086153385274502
-3.655824641525861
14.060403531028602
-4.002580600842011
-10.264688284859853
7.936275859834492
1.4081421903765186
-8.407288912204875
-9.803488826998835
-7.382250549886377
-31.56183602625315
-21.126801227136717
-3.697405909765893
-16.965502138358456
-28.378823063762106
-21.31155648782263
-31.393301632391676
-31.927552758874196
-25.41161040513528
-32.313994410820406
-35.47161804773236
-41.15365599920075
-51.71722577655308
214.70774473174436
189.9581651057359
206.55610933887655
208.84820156455757
195.60915486794877
202.707692005203
197.16211489356158
177.72959149151066
197.56015959836438
192.39418062887486
199.81420294334146
173.576014815134
178.70206860760126
206.86110414154373
201.39397816251278
171.2215718157311
181.36705944201364
202.372706587616
196.85242863278216
183.89631402622427
183.1669761452535
196.41467795057292
167.88811727852735
184.10719449359152
184.98864921515752
177.64768025136408
179.84538084313056
173.49285622631703
177.09536257245998
167.4381777879801
162.87212070046206
171.56985556483545
171.12465408165886
166.74649742656254
171.02691525775674
170.61561798939476
157.9488810362926
179.09239060195185
191.81379733534675
175.7790032242021
160.9094441819687
168.43228047046014
184.53203036088013
174.37272239165483
174.34097637025104
171.8488034628161
163.8325934719557
153.63152937836801
148.4010892001671
166.18975015866738
183.34536682255043
160.89805447233545
162.92088033735564
171.9753603318214
160.66134751348338
168.78734024078832
161.02892495834422
174.8875123269278
169.41905123274447
169.20835778945994
148.8482027183495
152.09309472301163
156.66473914255243
170.67145775667134
152.98475636054135
155.217002630043
151.01591041513464
160.4479751210733
145.88932947953737
151.49061513101
165.869369082864
153.18773738495335
149.05781165922585
162.28042202957772
148.72784736518773
156.055974763262
145.15916863940956
167.564724687448
146.45657971143666
148.65318161337342
144.80995634045811
148.73319001431884
151.8560291529665
158.03966092813187
159.61018268669818
146.43954749194856
163.5104029549154
139.28080517827613
134.19005982156682
149.35561175609817
154.4662685508024
128.44800131280437
151.10098229190052
147.42033651401007
147.3339725072845
149.65461067164907
149.27323992209205
143.14577886103856
149.65127066500594
140.2467738984644
145.12766031619492
145.73183500548598
142.63742169987103
138.466686119358
135.0487592966108
159.6590026227524
135.93779861824848
146.93932269692897
148.98024564836064
129.37431152550982
138.86941031512336
125.36940963651925
130.93750926948138
138.9452140541112
134.55139506039288
147.47399966674428
144.0845594301737
146.423081680516
131.6870748991135
142.39958950253407
121.17872904868352
140.46687579857314
133.837276730084
140.01398972066698
133.0861223301841
143.34178687799184
134.11619840091208
128.80703985996402
113.22449951010734
124.98839909891903
120.42626976061722
141.90362512181707
130.1846475071517
111.52569459367862
131.3299117788424
111.15919466966245
135.1805606761333
118.87050223931479
115.53246471558792
126.23046164491086
126.40097954352312
119.25433292921704
123.65215875118079
128.2419541887088
112.60881457873886
120.51619355171894
117.6007854344125
122.33245995889357
128.9903433816838
125.58448189276251
122.98353496844234
141.3873552493707
116.00038930077199
112.80110562317188
121.54713191280844
104.69562656814293
99.04654633864885
117.31092470757658
109.84828828572583
103.30151577799872
100.05717461414714
103.24731044720974
101.21815214544839
117.417376270292
116.03092002856174
117.35799813437194
107.05267622303246
98.1680699577894
113.34618223872913
110.65635544895709
117.15946837135652
105.00961839398038
112.47967630723663
100.59690088940545
104.41432278211583
109.50285889960774
117.07492594545106
104.00596918361622
90.17024068910172
92.99614647105946
97.36965454868755
92.73788136590916
109.31256644462478
87.93361258784122
81.86971088053645
74.8683008694305
89.11648756683876
83.65185145267891
86.99160514416478
82.16548113686225
83.65872051811603
96.96068400432061
96.77737768801477
98.21479105171991
71.73358395935878
97.16765752678414
84.80653734474724
79.38033131239426
93.09210263017121
83.94716779080916
81.9065825275094
68.61603542113666
89.10969245070488
82.51820011872617
79.15955834258625
78.03526901079545
81.418994232886
82.2339206699363
75.65329442178772
61.512136823039285
74.83524377205852
55.206093459232136
54.8266090279421
83.17642682905881
58.89221405014029
88.79994092644215
64.15079052377726
60.872740678932914
65.72838827033094
58.691166021608915
71.93760837959339
49.00742322393363
59.33568732449877
66.81632142992855
63.0240885259788
57.0048794472385
65.05688499725558
50.42673975696924
63.248929245385334
47.59550517641528
43.41428104827447
37.40572418775518
50.61270565541739
42.104009706672755
46.323577374699056
42.530758367426344
32.97758227823684
29.536599337337595
32.10326122617844
40.671492532455964
47.70659136763662
35.768423543818834
36.72907868082812
41.32160895478136
29.693526837952298
27.40531593163449
28.564389657941586
37.188098140067275
23.92028543781461
21.820650450872378
38.94722203203505
31.90786542068445
26.75213835594081
8.004370197170434
28.305389406691937
22.02191486327902
24.539195294093076
4.759916730365574
20.756756429692615
24.24389649931968
14.47406939083369
9.020469436535242
8.61838892050103
5.29722486413635
6.315098395936727
7.734489681815051
2.736131205445227
5.429750358326476
-3.2252164980892775
-8.775606911713993
-14.181500502436885
-2.108815386113794
-16.82577438038787
-8.496001529818283
-27.89495660838976
-21.382706848776593
-10.927309395440584
-34.63565837776991
-31.630944670341364
-31.45965490544454
-13.944676352325777
-30.900442014465543
-38.914528772161525
201.248814521987
194.09839850678415
188.61479115519512
191.67582234674776
190.26472898916057
189.5257083426442
191.39607932669918
183.42193572056956
180.98713840507892
188.37577456865012
174.75939144545927
189.4434137300014
176.44964080791772
164.3172881619252
187.47757841743288
185.76754521583086
170.52348803339922
167.91670853646568
173.22255098007017
160.0600196757341
176.6401523599256
151.49816078147782
168.47149927811782
176.17218584164877
158.56347023196395
169.98944619574152
182.41003517286015
167.23566758780566
152.56538450680253
175.53098506726005
168.08787788712064
164.90472338918482
168.11409508833634
147.7048448976509
172.13826653332896
167.36973927919323
161.2376052232655
149.50525814448798
161.29274464740763
157.64350089563038
177.26125989605205
159.0217727613599
156.275468137461
150.68569019673953
140.7589226483847
144.1766121666036
160.13800772385207
142.7880985867378
170.87974825200305
147.97649273992184
167.1048069780587
170.0412556819976
139.65843049069923
159.463882885925
148.971892025009
149.5192530130114
146.35388539269786
147.834935524935
149.2132076115999
158.29326795085612
136.19931950747065
169.0883585587014
139.69043765234815
160.46400966484265
161.34093524273888
151.27933572053277
139.624680608318
156.64046269731483
138.7317887757265
140.2683836534262
155.40981285934922
139.2058084040993
154.10527210174178
142.1533987258446
150.7328700927404
158.36513474087275
134.1285323984562
145.02110899493843
140.78916991636825
137.58174635240886
132.45401859392027
138.06501488928473
144.60434449994975
152.66697306680297
142.45739958592216
144.97900085194348
125.01206467575393
143.82849684284952
138.89669865579484
138.37691835514332
136.71030154741706
140.75234757534423
142.40730610916913
143.638068685187
153.0517834981891
140.40073701875352
143.050199428154
144.62563756766517
130.89983651749168
128.64827792035572
141.35754806921625
130.72187639436925
140.78935863440057
130.09677349193836
139.87471785821296
124.11026704026713
135.07248776094198
128.4060935019236
138.46692676692305
126.18734130869193
122.24229508813431
141.33036442443606
124.77372101773355
135.87380236338242
128.3912111072946
141.9519815456566
123.44898747737125
126.9330896723856
122.57238966382913
137.5331218763581
135.2770597342933
115.70453538287904
128.22911963081944
143.8808871380736
129.3371905644992
122.63602218496636
144.47479389767784
121.0157327883529
129.67387315304097
127.52434501511719
139.9555069777664
131.94743421554662
109.72319801381997
145.0103277537829
107.61086875198484
122.15955672102508
120.95245059329974
129.52294911917465
130.65818465140947
118.69686870571982
110.2807390981957
127.35306215368375
120.16576723548643
114.56315992647711
114.32354857957485
123.78601114523876
106.77159878889188
112.75393250595194
122.02274798657629
104.76311146153327
112.57414078444477
113.16291104422734
118.94806982758539
119.67845061651234
118.47961064672161
118.7519735345337
105.03423246381519
110.558907694314
95.24803855673596
117.2654932442604
118.88815434212017
119.8475478114544
106.57271206209
123.35936033899553
116.37812087595688
100.98786047063861
92.84820750630816
121.72218046168403
93.42486622555805
108.55881733475049
85.82262647464796
103.66217131752845
110.04754533935619
103.45505570135496
102.43521533369544
116.26865551709865
90.57471710887043
94.1541803705336
111.17119832299693
103.35053904718141
108.85749425512451
86.24679841937541
110.34809193031576
109.42632989963846
108.15495908796517
96.26022034503606
97.02051885509032
99.03402835095376
90.35600280344856
90.4808707827326
95.21291536540453
90.88503913487055
90.86136968891293
82.6723962499026
101.35148263735135
92.89057492375495
106.44981061820538
83.46902697350515
83.11292960788532
103.88326712347694
91.36994312736529
100.37208640677366
72.80503653710025
95.79002786240069
92.42020402426027
102.79394660068063
85.50203484014014
91.8462736523216
92.44158751317977
81.31081400014408
74.50957306043206
93.01386283864639
87.4498932179948
82.26479137577168
87.440656221545
77.44081572155943
85.84383170788747
73.03274849354966
76.06848848770036
82.88646906129225
85.6708104721566
70.9688078778109
78.62674949661965
79.54669948511945
69.11033992979883
79.8467357132354
72.1514166960866
71.06818695326264
70.88138706595542
67.78825787810975
81.40529087388262
72.85004578080452
65.64895313629674
67.41814697540782
64.05646169050283
75.23958235804028
77.71884694210546
69.83447382527785
67.81022167793961
65.07949360639152
70.86712163353795
75.84889657863052
52.05854421057062
68.89729183674872
62.26653071937539
69.08208309738194
62.11324277600328
70.97089785104204
52.6140918082648
55.43990363085929
50.74967518268808
69.87932249178778
45.66409597313842
61.339899608901675
43.10978016876619
55.71595575052198
60.74293655407636
62.9799136022877
65.63675972652571
46.08203191078256
62.248220970877725
48.09162466636865
57.28705308951199
48.982176857700395
48.28046490462469
32.259123748666596
43.81187557363129
63.69202878168761
41.10025963330181
43.93228743745254
46.81062358697591
38.53131061049497
41.81232169879729
34.38253957564165
39.280382944181625
37.30715193091138
39.96419522741544
41.29379445069708
40.415630087757
35.66805368560297
47.00006442448998
26.717212294034816
36.175536916677
27.001103766962597
27.14650131339539
21.297237239231723
32.0516219799214
35.739042669336236
19.862238600788015
31.217472640372783
26.327364410988903
21.617278923628454
7.187147844694306
18.342745812784667
24.69627129411101
23.880736699964412
7.510722273039227
17.856285687829434
24.17245247505754
14.154514780937738
12.789571363228491
19.27425920595012
11.330161920789172
2.9876718602557375
15.631637245225928
15.728713351573077
4.997677995322545
8.332000205332307
7.609163692803784
-1.0961214398137724
13.343257291951254
-12.194586141231067
5.320782149027206
-8.260919669317408
-9.839814219939294
6.38834472439843
-14.659040562654477
1.1286375416992818
-4.72689822172009
-9.432883526128693
1.197145396948705
-5.235114924479846
-9.242641982773886
-13.36894945996247
-30.495608705377474
-17.738720505056907
-17.081906565073492
-33.57019884352689
-22.503551553568624
-27.959778029028605
-21.288017662216937
-27.140143691350637
-33.66650630644575
-29.807595796420085
-28.29090933917754
-47.42917757432324
208.27635053296336
205.86648037038216
200.75544196171987
189.7906962418443
172.9532730266791
186.07203335119456
168.92478086866714
180.45484374952585
184.4978996415213
177.33143874247196
176.39228802142458
184.31491079127014
182.2681718180374
166.89765269596396
179.37973144858964
172.22570432592636
176.38479597567053
169.4915799430413
181.10455035431394
176.76622869507068
168.174877537133
161.54460734666165
177.0671820363889
174.29423903919374
174.99203323974479
166.38823914839668
186.16519338856085
170.11197100389495
197.90891338918868
177.75042568823176
160.5540883156018
158.70947850054694
162.76453899801913
172.8662663590679
152.88329689567655
163.261227885728
155.61725065545954
142.08603647106614
180.8973331413483
159.09870204811838
159.4320457365669
158.21529126458523
158.3003067206131
151.8952920313524
168.76445145760772
164.15372810384903
169.2459230805104
157.81060500224066
167.38868706340799
162.87764869245422
164.4661239824416
167.32756897303054
144.9177615067733
151.7410075550311
147.79413940347644
140.06246656404355
164.44110306788227
173.82916209137724
149.99011493496766
162.85436501224729
153.92561502332467
151.86666781625345
151.35879302174834
145.72651957818846
156.19325214261832
150.342758277591
159.4467661842613
137.1412368449323
142.47231944662985
128.74278993702828
149.45565457741571
147.73787258007496
140.20195038506398
146.3918232142947
155.5821226515691
137.15333710226423
154.17407462776976
137.77962989830124
134.3515764417895
152.63971458435205
143.73294581280928
132.0888790894241
145.50958487964812
136.46430507543883
145.38087136878463
119.60634816452482
152.87578500334314
152.87207877495405
148.7604930953675
134.51694304758823
133.75525194442142
143.63512683227785
138.6319654018186
130.3832587071928
129.50700016006564
129.64989778546476
136.24492824107824
120.74091732921826
151.81554555582025
135.95026221733366
135.18989953366645
119.23770831410846
131.3865832366717
131.26368611586457
134.01238957069367
128.03794269517792
136.45917394398813
124.05952042965902
129.7121714757614
130.1859093075346
116.78719984821377
121.66434274723187
120.87871758431517
121.44842278319656
136.83782322463924
121.49840628377609
122.36423117247048
106.53580458495172
125.81196757205075
116.48407734307857
122.28888484896193
113.33221184570662
115.1097887388967
120.0683945443939
113.61454217754377
106.56404449654507
111.4875010277245
103.5409194476683
121.12754365039221
111.39046199664197
120.10037324160511
110.83537356689163
118.72278372926024
123.0060072229271
95.28530608822004
102.65891089552439
100.96786308092648
104.9841790696428
107.83036878555005
103.99484919797999
117.60141101442792
113.42429815867143
99.68098819311507
101.13454972204056
87.03448358896014
95.0834348719247
96.51411514618752
79.40848276643294
97.10683678854332
89.9181159448585
94.03007031137118
88.99282007852949
99.73261126910133
73.21631194732322
85.84384316094658
98.5043493959782
80.15820593888704
66.65508412326855
85.38265171014656
63.499148951745454
78.42591925387602
61.156240569546604
60.155019491060585
68.31217961422456
67.93419802285135
78.2565719919055
71.23763018433624
62.298428824850724
73.56139346213463
54.9364622067422
66.57325812967777
57.75485210381619
50.2728561156695
61.29478736911609
65.3678671687047
31.308969491292718
44.08959198230649
33.43082346952812
42.26385265846437
25.936353897617565
40.877036294815454
43.3013808461354
28.426490585049915
19.554797519934628
22.666961849369407
9.360974926973626
15.62032706118051
13.790364830466334
14.945649463704557
4.903151127675524
-2.7730936819390415
-4.73348910395674
-0.8483342254373987
2.037095957687208
-9.01861415679694
-3.1287568411511226
-12.36196110948753
-23.35636238682396
-34.810233180334734
-33.527785477119835
-31.784753538014094
-40.65921733914798
193.47220991492497
170.38013549488736
204.51777193241566
198.87786058532413
188.40314391912563
195.7639524573102
188.38505584687996
190.58192468240242
194.72387506231178
178.42849197525751
178.43398223838213
186.45613550686548
193.81891104905608
178.91423456855028
182.8797315319168
192.30881814795924
175.1102541457152
189.65291616504598
175.55058278960274
175.2342005554865
194.76643944818335
176.9622863454364
169.74809342561068
166.97971746294536
164.9906646997177
165.2654043728649
188.37142384542054
178.09567351201284
175.77395810850294
166.357287222652
167.15996383769038
165.23463166919703
176.52052726450438
152.69121088319088
172.0726245346451
168.45927843902524
161.08722168842033
166.94390492382294
172.47771781805764
149.42446988424103
180.25563677789094
152.57781373142743
151.6105423243544
153.1509606042772
157.56405882316017
148.35525738139177
173.72457772364842
154.33384081699478
161.90471911207624
164.9724860650053
144.43479673873847
151.9268202367243
143.3755988458106
136.2320353678417
167.85674339490328
145.88043493297934
161.38801378541598
147.79813950729203
167.42040521198936
153.45022822542785
149.46061262163863
132.0852023153316
125.66572116065073
140.07653087974796
144.57161161559753
145.9366914375044
145.0260156495932
150.0345277727468
144.5106905203766
143.03142397611225
136.27867883773501
137.7492141273284
131.7636907529297
142.18269473297133
136.709735496287
156.77498492729615
124.46325666390926
124.99270721657176
107.46483689230466
139.51122120685977
120.16719451658433
133.2476982801904
126.58868331109302
140.8828183982507
123.92787349521889
115.51523657242919
122.1915163765461
123.58375610030315
135.24584424458504
127.47449188553273
124.40537273548152
107.40418591002086
116.55473446560597
130.8459251510701
97.07260652152189
134.13706356758624
119.07721989307508
109.75305088355736
102.89822679926237
126.79012071388085
99.34031458808508
100.68678952000424
116.86467361795636
123.33884404684608
104.32136068925693
97.5320856330084
107.10398523236587
114.8296597362054
98.95301840161446
106.59604273450441
84.5302890088037
108.86007887160828
93.21394110864797
92.62078724601419
89.79653791293103
104.77461781235982
79.22695873213269
84.32022140998248
78.1942582075536
90.26660725039119
77.26143885421044
83.78870696043597
85.95997213975471
78.9244682444598
76.4188321440815
67.31740720638935
72.77287303856038
82.3678713454336
74.03855067857117
53.26545784182248
63.065773641432926
81.8765226161505
58.78620193304048
62.509645665265616
53.467747500438975
56.35849051792021
61.97360628294142
47.836428973189726
41.89262100827476
52.12471464480284
38.293739137774324
47.58777574342633
36.80621077738019
40.77657347981235
33.98398999169632
39.66160477722568
27.246789641080973
21.03641177297246
39.264524291644804
23.474048025537208
21.71117884674435
10.28068399616816
21.84252198249517
20.527269388212744
14.979783072292628
8.203498971376284
207.14601390533537
192.84418726727958
194.63850197334318
189.93363448235195
185.3148828223435
193.7302493855557
186.77310684871003
182.34727063855192
169.45780101526103
176.78649592200705
171.3211357693413
179.96071836944012
184.70275555850606
184.37706502252334
181.1326408073807
152.62698325268042
178.97239583380187
168.6706773395058
166.34057557927517
169.30520332812625
174.0832814569735
174.79477614842952
175.87740817047543
175.66781301217156
163.6728833089187
164.55368432679555
163.80470634883284
176.63062850224287
167.82472161783673
174.34574941277398
147.16493880056322
159.78563117162335
158.31582666995777
156.26170862410993
154.48242363336126
180.95212021805028
161.72201664940673
178.8112451786066
161.05336538033248
158.47924505614424
162.00908764642367
164.3598805205984
161.1291958555186
158.18256187794648
153.89197254340255
146.56179439877434
169.15502660719577
141.7374305869287
153.42566715828298
156.93398090543826
162.2862861910905
135.68609332259499
143.92675493317623
136.58661618364357
157.39451692369502
147.48362192361162
156.09788132995996
149.52119415940848
133.85994103402334
146.66881131112984
158.1228054236285
144.88497637109492
143.81414534336122
149.803581668958
170.32497740377866
146.12034449410305
143.2067563375125
149.53558271045392
137.84819477197416
129.0047827530083
146.47643743662724
147.66034205830337
134.71699705854402
141.98804849136465
147.7998812238441
146.41373468044253
144.8716693310132
144.5464636654498
131.09643454471924
127.64001625252463
133.05530097197945
139.32772544090417
138.9643029539406
132.58813044057948
105.27269353268277
123.64653443570434
138.70664315745393
137.16240153997688
129.1888724399131
152.651698936439
134.57027589235906
122.06292676253898
130.0266003481206
131.69600534949132
135.08125906043148
129.15031657382784
128.14486422675165
113.26013392302585
132.17345612781605
116.46545036549787
109.74846235376033
120.14773942019586
118.41394218252651
129.25719901354245
115.67101641089405
110.60530060536854
112.07415841915721
134.84059347509475
112.13580068293713
115.84799934939538
113.85292328948813
111.64076470329783
115.35587012320526
94.07362546723813
103.48816260771926
104.83458706953847
109.23164964901486
127.96110170573866
92.29794112673638
118.1811195838728
110.90483607320232
111.10624083651007
100.69379135510077
107.11601831572781
97.16286931297755
99.50415464756803
101.87219169669945
107.07343060371592
88.93829723006236
94.0442954990232
96.15069840193809
81.42755756801665
90.37459692366961
107.41725448754735
82.12235409150902
96.26253995489898
84.7678272170465
89.90344060746112
87.65636579772367
75.006318677176
81.45984367316075
81.37526584522816
94.7195315532209
72.65669996127004
56.732211509130266
82.1147414262988
79.65175774732214
79.46874238130196
71.2664382819601
61.610446101137356
78.4616825161987
51.52502463081614
80.27403633679457
61.19988145188735
75.33451267425676
64.00235365324168
68.94394354361887
56.06146384138803
53.78347098545319
62.50517963905994
58.89476680862659
52.15123476010892
46.010305213719036
47.78151647578498
53.76663432164781
38.20921491676305
36.69128097923843
18.370517936152133
38.718177623609975
41.144830505739804
40.168342978763576
28.254009998877937
30.241432385933958
22.259199211040997
29.170856065600162
24.911575718355785
23.843311380310443
11.381083211307919
5.820157949781969
-6.590816367129562
-0.09446603218366002
-3.5656667436527036
-2.314557925146862
1.2813420916268154
3.677300858417158
185.58750493376874
183.48531767102367
170.12875556439718
156.22299561498104
171.22399733383156
186.98626516874901
157.02173772300912
153.2585991848996
164.0177988616239
171.74922732553293
168.90347504706918
149.14057291680936
156.97180442298136
154.76906300708734
152.4739996651873
168.62290334803146
157.29989633319593
157.04665219206174
167.3774394145479
144.828047756239
159.61342200056293
155.67633840542643
149.0744292575062
157.07074095329787
150.88407865828648
148.55766911769888
156.48762929117268
153.45467916846906
132.05041209917167
148.55308214793402
144.3526473789583
145.11758542773256
148.72284636239394
152.73348481575036
140.44859496621703
143.42213632421974
138.8121221766437
148.53667522263694
138.16735214450745
144.81389954798047
160.28637394159227
154.9323316821142
129.00232382199883
149.1779494741545
138.039444755034
147.4694420796818
152.30009708139897
141.91731649012502
154.31554274910258
135.64774138622295
131.5870589989194
139.72557054172458
124.5445467298382
131.25051172446913
143.9573856700022
132.53202228048235
125.95172828709627
118.99257082967054
125.04447620639054
117.93354911781024
119.0846798063834
115.4928362616602
116.27553332551156
137.1112137367522
141.9718573736609
138.95056035833926
118.34935868392971
117.3950299354277
121.19394938605994
127.87326992684709
120.62833681615226
127.59057636498937
128.31742004026802
137.59639118277335
130.20055392576666
123.75740936833841
106.85151850336831
126.22300663153241
129.48189283412674
114.69985829819348
123.79911651629716
104.57793948990084
103.51403069597423
118.05239894062609
113.65773362010619
110.28131888530622
114.42222649912529
114.62960512815336
113.9916143696886
119.13717133479922
107.54070232313016
118.98433851584848
108.45970978402269
111.89838110754846
107.64159065524588
91.22199485892725
103.95874761361965
97.73023969372139
112.29804374052547
89.26455583197009
109.82834505146576
99.32116554266192
83.01164290190265
121.29229578195044
114.59598263335502
105.33938993738144
106.97858657721626
108.18767174079309
116.54728219022854
86.20056585325851
107.42964973812796
105.30512691285989
89.56186697732053
99.9395043353297
99.46490378859627
104.52296428731219
97.65599855287958
96.01544670951445
88.07696771701791
91.84681520883021
81.06219990709427
105.25958305763594
91.84399777992594
89.9499992907494
78.53268142404372
79.77205714166722
75.15774492561127
84.11748010795966
91.27306984204229
94.08459335777331
81.32480750901169
86.01137614085052
82.08660687183097
83.15638455232151
67.33316270166628
92.48775065348352
85.88919606427946
88.38305038052191
83.44592494101013
80.70470904130445
90.5475369157794
69.8236751450456
64.83368836673718
74.09348938138474
67.95535145940892
72.97447049385613
68.43957029522164
84.57895164768277
54.56871372809241
67.51950057476682
73.16750442823769
66.11904540704076
67.37887537481735
58.41703111596329
58.798128828273434
50.669371733965946
59.380855923210966
54.78726255232172
58.443659087761404
49.96786095520085
49.333126655047984
66.67916641590372
40.78745561972214
44.12522990109051
34.472749762333216
34.37811089817168
47.84938638577543
41.23334322882414
40.82972825700153
28.96744069733195
41.16314871925247
38.45412034343391
30.460693367668245
40.27847915849181
40.02877055794786
38.10481164727282
26.280531873609082
27.03800132696245
27.51103114404556
43.670740624779114
35.34978213218699
20.62341313883632
21.084749566104684
20.045432530397488
34.86821755978777
27.22961569848764
23.721371850099406
-9.762329203556327
8.67709937641395
-0.3428136694519006
7.558065503344092
12.905559706808528
9.206914633095657
5.117322876518893
-3.572078515580798
-3.2028608063981028
-8.49024599453916
-8.5911741117814
-20.976174019611662
-18.302842015947533
